lastAccountName: Lucyfr
timestamps:
  login: 1600036668429
  logout: 1600036775280
ipAddress: 47.209.245.26
lastlocation:
  world: world
  x: -498.0
  y: 138.0
  z: 318.0
  yaw: 0.0
  pitch: 0.0
logoutlocation:
  world: world
  x: -548.3512064471704
  y: 66.0
  z: 369.5021874306126
  yaw: 66.29007
  pitch: 24.405428
