lastlocation:
  world: world
  x: -498.0
  y: 138.0
  z: 318.0
  yaw: 0.0
  pitch: 0.0
lastAccountName: OrganicMatt
timestamps:
  login: 1600050992563
  logout: 1600051364817
ipAddress: 216.128.111.38
logoutlocation:
  world: world
  x: -394.14512063945574
  y: 68.0
  z: 825.7059543132731
  yaw: 169.64627
  pitch: 36.299896
