lastAccountName: rabbwit
timestamps:
  login: 1600025417983
  logout: 1600025474840
ipAddress: 76.22.242.128
lastlocation:
  world: world
  x: -498.0
  y: 138.0
  z: 318.0
  yaw: 0.0
  pitch: 0.0
logoutlocation:
  world: world
  x: -576.3917600306805
  y: 64.0
  z: 350.13191985983394
  yaw: 191.86737
  pitch: -4.200248
