lastAccountName: RedemptionLxon
timestamps:
  login: 1600015634595
  logout: 1600015730124
ipAddress: 95.178.148.160
lastlocation:
  world: world
  x: -498.0
  y: 138.0
  z: 318.0
  yaw: 0.0
  pitch: 0.0
logoutlocation:
  world: world
  x: -391.1868219763874
  y: 69.0
  z: 459.3858808212432
  yaw: -183.8988
  pitch: 16.34973
