lastAccountName: MajesticTumble
timestamps:
  login: 1600021144266
  logout: 1600021256892
ipAddress: 72.8.220.66
lastlocation:
  world: world
  x: -498.0
  y: 138.0
  z: 318.0
  yaw: 0.0
  pitch: 0.0
logoutlocation:
  world: world
  x: -593.0982927276824
  y: 76.0
  z: 432.7206801171242
  yaw: 52.03069
  pitch: 15.816223
