lastAccountName: CrowdedMountain
timestamps:
  login: 1600006602707
  logout: 1600006636911
ipAddress: 173.249.30.10
lastlocation:
  world: world
  x: -498.0
  y: 138.0
  z: 318.0
  yaw: 0.0
  pitch: 0.0
logoutlocation:
  world: world
  x: -498.5
  y: 97.0
  z: 333.5
  yaw: -27.599968
  pitch: -42.000076
