lastAccountName: Iburkea
timestamps:
  login: 1600028056176
  logout: 1600028106180
ipAddress: 45.26.136.34
lastlocation:
  world: world
  x: -498.0
  y: 138.0
  z: 318.0
  yaw: 0.0
  pitch: 0.0
logoutlocation:
  world: world
  x: -447.6906628113507
  y: 63.0
  z: 252.6640058785317
  yaw: -219.59772
  pitch: 36.29999
