lastAccountName: Jivekeyboard
timestamps:
  login: 1600020152401
  logout: 1600021192314
  lastteleport: 1600020848360
  jail: 0
ipAddress: 82.22.219.7
lastlocation:
  world: world
  x: -381.30000001192093
  y: 74.0
  z: 394.30000001192093
  yaw: 65.87517
  pitch: -57.28904
logoutlocation:
  world: world
  x: -384.8359418987108
  y: 78.11645680313566
  z: 408.69999998807907
  yaw: 7.642456
  pitch: 11.752455
afk: false
jailed: false
