lastAccountName: Jinkedin3
timestamps:
  login: 1600021013369
  logout: 1600021156416
ipAddress: 98.182.236.23
lastlocation:
  world: world
  x: -498.0
  y: 138.0
  z: 318.0
  yaw: 0.0
  pitch: 0.0
logoutlocation:
  world: world
  x: -489.97593126199143
  y: 68.0
  z: 154.09774970107705
  yaw: -262.0554
  pitch: 57.59973
