lastAccountName: Peacaa
timestamps:
  login: 1599765782230
  logout: 1599766855032
ipAddress: 5.62.43.140
lastlocation:
  world: world
  x: -504.5
  y: 63.0
  z: 324.5
  yaw: 0.91700464
  pitch: 0.0
logoutlocation:
  world: world
  x: -487.8264018225444
  y: 66.0
  z: 411.9268260991503
  yaw: -49.349968
  pitch: 26.400276
