lastAccountName: ohShohm
timestamps:
  login: 1600031234411
  logout: 1600031327861
ipAddress: 69.200.225.160
lastlocation:
  world: world
  x: -498.0
  y: 138.0
  z: 318.0
  yaw: 0.0
  pitch: 0.0
logoutlocation:
  world: world
  x: -596.5259856624943
  y: 69.0
  z: 410.24268485945896
  yaw: 308.21335
  pitch: 24.826433
