lastAccountName: No1WeeB200
timestamps:
  login: 1600033512046
  lastteleport: 1600011725554
  logout: 1600033533645
  jail: 0
ipAddress: 81.132.131.87
lastlocation:
  world: PvP
  x: -393.41300472975223
  y: 63.0
  z: 115.30000001192093
  yaw: -32.177685
  pitch: 5.1669908
logoutlocation:
  world: world
  x: -449.4699309745978
  y: 63.0
  z: 513.6999999880791
  yaw: -167.44003
  pitch: 53.40207
money: '968.0'
jailed: false
afk: false
