lastAccountName: JETB
timestamps:
  login: 1599920099644
  logout: 1599920101899
  lastteleport: 1599917660156
ipAddress: 86.145.50.144
lastlocation:
  world: world
  x: -498.0
  y: 87.0
  z: 323.0
  yaw: 0.3593247
  pitch: -1.0779741
logoutlocation:
  world: world
  x: -494.3578888060899
  y: 87.0
  z: 338.4287227706376
  yaw: -239.34589
  pitch: 33.4172
