spawns: 
  default: 
    world: world
    x: -498.5005289013755
    y: 97.0
    z: 333.5781034791657
    yaw: -27.599968
    pitch: -42.000076
