world: world_nether
x: -272.9032009173954
y: 84.11625622461696
z: -961.769483133682
yaw: 295.7212
pitch: -3.4500058
name: admin_jail
lastowner: 2c29a596-e9fb-32f4-a2b4-2ba64fe7c610
