world: world_nether
x: 56.89375001192093
y: 59.0
z: -943.2519678442735
yaw: -175.59216
pitch: 50.550083
name: jail_monster
lastowner: f05d718b-5ede-37f4-a555-1c8768271945
