world: PvP
x: -390.87965494489816
y: 63.0
z: 85.50016016784758
yaw: -270.90222
pitch: -6.1500306
name: PVp
lastowner: 2c29a596-e9fb-32f4-a2b4-2ba64fe7c610
