world: PvP
x: -425.5632277083275
y: 70.0
z: 62.13577355489154
yaw: 291.74347
pitch: 27.59995
name: PvPstand
lastowner: f05d718b-5ede-37f4-a555-1c8768271945
