world: shop
x: -535.8582018489076
y: 67.0
z: 336.59895790818103
yaw: -277.49966
pitch: 55.80002
name: shop
lastowner: 2c29a596-e9fb-32f4-a2b4-2ba64fe7c610
