world: world_nether
x: -109.9745125746101
y: 94.0
z: -926.9690295871222
yaw: -98.46619
pitch: 16.499987
name: so_close_so_farjail
lastowner: f05d718b-5ede-37f4-a555-1c8768271945
