world: world
x: -500.0500275070569
y: 97.0
z: 332.2156442831358
yaw: 9.3000345
pitch: 20.849918
name: spawn
lastowner: 2c29a596-e9fb-32f4-a2b4-2ba64fe7c610
